1 2018-08-30 20:14:24.150 24.7218 122.3125 100.45 4.02
2 2019-03-12 20:19:15.390 25.0176 121.8555 138.00 4.57
3 2019-04-01 02:54:35.620 24.9340 122.2406 128.64 4.32
4 2019-05-08 15:48:47.350 24.8217 122.4900 122.72 4.34
5 2019-06-29 16:20:06.100 25.0715 122.1832 152.05 4.22
6 2019-10-23 20:15:58.160 25.2427 122.3410 247.33 4.03
7 2019-11-11 16:54:57.780 21.0527 121.6617 114.64 4.53
8 2019-11-11 18:11:33.40 24.8782 121.9223 109.00 4.02
9 2020-04-10 16:44:57.450 20.5410 122.1688 179.35 5.87
10 2020-07-12 04:06:08.610 24.8535 122.8762 127.90 4.12
11 2020-07-12 09:29:24.550 21.1052 121.6208 101.74 4.31
12 2020-08-26 22:15:08.600 24.9733 123.1832 139.99 4.72
13 2020-09-30 04:37:20.330 24.8355 122.1005 105.95 5.11
14 2020-10-19 06:06:26.810 25.4732 122.7905 247.15 4.08
15 2020-11-03 17:59:06.20 21.1862 121.8257 123.50 4.49
16 2020-12-19 13:42:39.70 21.1720 122.0970 191.92 4.55
17 2021-01-25 11:39:23.760 24.8253 122.1935 100.40 4.20
18 2018-10-29 01:27:44.30 31.6100  140.2500  94.0  5.5
19 2018-11-20 19:09:48.80 30.4200  130.0700 123.0 5.5
20 2019-04-05 09:56:52.70 30.4100  138.6800 383.0 5.9
21 2019-04-27 17:24:45.70 42.4600  142.8200 110.5 5.4
22 2019-07-27 18:31:7.50 33.1500  137.3000 367.0 6.3
23 2019-08-15 05:32:53.10 40.8300  141.2400  86.0 5.4
