1 <feff><feff>==============================================================================================
1 There are 20 records found
1
1 Search criteria:
1   Start: 2018-04-01T00:00:00          End: 2021-03-05T23:59:59
1   4 <= Mw <= 9                        100 <= Depth <= 900
1
1 File Header:
1 Date  Time  Latitude  Longitude  Centroid_depth  Mw  Mrr  Mtt  Mff  Mrt  Mrf  Mtf  exponentexponent
1 ==============================================================================================
1 2018-08-30 20:14:24.15 24.7218 122.3125 110 4.02 -0.348437 0.421435 -0.072998 0.402995 -1.197670 -0.216109 22
1 2019-03-12 20:19:15.39 25.0176 121.8555 131 4.57 2.010738 -0.881641 -1.129097 4.601836 -7.563610 0.191364 22
1 2019-04-01 02:54:35.62 24.9340 122.2406 122 4.32 0.518768 0.016192 -0.534960 0.004379 -3.606780 -1.108690 22
1 2019-05-08 15:48:47.35 24.8217 122.4900 128 4.34 0.298056 0.398144 0.751676 0.167894 -2.317620 -3.232820 22
1 2019-06-29 16:20:06.1 25.0715 122.1832 154 4.22 -2.017980 -0.194085 2.212066 -0.926888 -1.155650 0.528541 22
1 2019-10-23 20:15:58.16 25.2427 122.3410 236 4.03 0.740227 1.015299 -0.903167 -0.646862 -0.034625 -0.507734 22
1 2019-11-11 16:54:57.78 21.0527 121.6617 121 4.53 -1.242201 0.331352 3.998530 2.791519 3.163960 -5.609140 22
1 2019-11-11 18:11:33.04 24.8782 121.9223 107 4.02 0.430203 0.216631 -0.646834 0.519388 -1.092780 0.033922 22
1 2020-04-10 16:44:57.45 20.5410 122.1688 167 5.87 5.259997 0.102135 -5.362132 3.400657 -4.686520 0.966013 24
1 2020-07-12 04:06:08.61 24.8535 122.8762 118 4.12 0.776207 0.039374 -0.815581 0.882949 -0.648953 -1.264940 22
1 2020-07-12 09:29:24.55 21.1052 121.6208 106 4.31 -0.621893 -1.029626 1.651519 2.343717 -0.478572 -2.226700 22
1 2020-08-26 22:15:08.6 24.9733 123.1832 148 4.72 -0.374614 -0.083576 0.317426 -0.403327 -1.270870 -0.624123 23
1 2020-09-30 04:37:20.33 24.8355 122.1005 106 5.11 1.165119 -0.491183 -3.379537 1.700866 -4.908690 -0.282224 23
1 2020-10-19 06:06:26.81 25.4732 122.7905 235 4.08 0.707530 0.185497 -0.893027 0.884461 0.084648 1.137340 22
1 2020-11-03 17:59:06.02 21.1862 121.8257 115 4.49 -1.138114 -1.595175 2.733289 2.179771 4.932740 -3.409890 22
1 2020-12-19 13:42:39.07 21.1720 122.0970 184 4.55 -4.088801 -3.251916 7.340717 -3.640617 3.840850 0.548518 22
1 2021-01-25 11:39:23.76 24.8253 122.1935 90 4.20 -1.488195 -0.604762 0.617749 0.751788 -2.009010 -0.168440 22
1 2021-02-06 17:36:03. 24.6632 122.6068 100 5.36 -0.070478 -0.485482 0.555960 1.077484 -0.559311 -0.221826 24
1 2021-02-22 01:50:49.76 22.6213 121.5595 117 4.55 -1.464655 2.649327 -0.039968 6.803923 4.032980 -0.873590 22
1 2021-02-28 19:56:48.73 21.3280 121.9393 169 4.14 -1.606801 -0.225874 1.832675 0.620400 0.747860 -0.266270 22
